298 21938 13 308 308 51 298 0
3283 1477 40 6648 6648 983 3283 0
3671 1806 3 21113 21113 1505 3671 0
1427 1611 32 14225 14225 826 1427 0
502 235 18 12085 12085 351 502 0
55 2310 11 133 133 62 55 0
46927 214903 413 103749 103749 6598 46927 0
9724 147067 613 54540 54540 3856 9724 0
1534 26799 4 6621 6621 725 1534 0
1 132 0 18 18 1 1 0
304 3097 0 3988 3988 227 304 0
7707 43515 205 198488 198488 5284 7707 0
1094 2365 114 22742 22742 535 1094 0
2731 3126 90 28930 28930 1109 2731 0
1269 2266 12 13307 13307 1150 1269 0
9537 115606 327 31415 31415 1385 9537 0
221 33766 45 520 520 97 221 0
29 28150 2 95 95 17 29 0
5249 211351 9 19835 19835 845 5249 0
15301 64348 86 57150 57150 2815 15301 0
928 2493 84 14219 14219 340 928 0
1027 1838 8 14912 14912 289 1027 0
26478 187518 853 53495 53495 4455 26478 0
886 531 87 12472 12472 613 886 0
19 1453 3 109 109 14 19 0
136 27762 100 370 370 59 136 0
3050 103357 84 10812 10812 1003 3050 0
5606 1397 30 46767 46767 3206 5606 0
17301 7121 52 70777 70777 5069 17301 0
17175 393886 654 37682 37682 3466 17175 0
47 164003 64 98 98 49 47 0
611 70150 803 1048 1048 131 611 0
4264 1081 4 17619 17619 1847 4264 0
2929 20480 15 17941 17941 665 2929 0
333 3807 36 6930 6930 206 333 0
6711 7737 91 45503 45503 2751 6711 0
2124 591 45 16183 16183 1120 2124 0
248 17336 67 595 595 84 248 0
8315 3998 63 43561 43561 2261 8315 0
2320 1348 5 10210 10210 1290 2320 1
1201 401322 287 4004 4004 340 1201 1
2145 405996 1040 4366 4366 376 2145 1
1767 79908 736 5042 5042 469 1767 1
3468 1943 41 12788 12788 676 3468 1
1674 1991 57 16649 16649 876 1674 1
1484 10830 67 7673 7673 940 1484 1
279 35197 109 1393 1393 160 279 1
1708 32011 551 1393 1393 238 1708 1
9724 147067 613 54540 54540 3856 9724 1
6511 10477 208 6455 6455 1537 6511 1
1471 21774 489 18655 18655 618 1471 1
8400 129352 1130 14860 14860 1464 8400 1
843 40084 1363 1721 1721 178 843 1
351 29623 142 2267 2267 62 351 1
399 3364 9 1630 1630 67 399 1
9227 157724 861 40686 40686 2726 9227 1
312 1194 60 4964 4964 122 312 1
26477 187518 853 53494 53494 4455 26477 1
3100 154328 1876 7457 7457 552 3100 1
574 1092 180 6694 6694 158 574 1
8871 176448 138 11146 11146 2122 8871 1
267 1147 52 3562 3562 73 267 1
213 798 40 2970 2970 226 213 1
8256 57302 620 8562 8562 1151 8256 1
4469 35492 357 38344 38344 1838 4469 1
316 3346 128 4156 4156 68 316 1
4139 9892 30 17672 17672 643 4139 1
3105 136507 708 12923 12923 1414 3105 1
1799 82575 1323 3573 3573 252 1799 1
179 1004 55 2300 2300 56 179 1
2280 6870 692 21096 21096 872 2280 1
1026 4180 223 5163 5163 352 1026 1
1202 20243 32 5431 5431 462 1202 1
24 69 8 860 860 20 24 1
1572 80666 927 2715 2715 232 1572 1
1670 119279 2664 3356 3356 265 1670 1
455 54755 309 1921 1921 154 455 1
167 1074 32 1800 1800 56 167 1
8314 3998 63 43561 43561 2261 8314 1
5335 140068 372 24461 24461 1515 5335 0
634 36065 50 1004 1004 228 634 0
87 1959 14 780 780 50 87 0
121 88105 45 446 446 99 121 0
502 235 18 12085 12085 351 502 0
1 137 0 8 8 3 1 0
644 514 52 1084 1084 256 644 0
46927 214903 413 103749 103749 6598 46927 0
9724 147067 613 54540 54540 3856 9724 0
125 127682 60 1052 1052 151 125 0
122 59846 78 568 568 68 122 0
1228 4840 83 10510 10510 322 1228 0
685 405401 11 5749 5749 272 685 0
6135 31390 125 27665 27665 1320 6135 0
320 23272 58 2310 2310 162 320 0
3370 187095 982 29558 29558 1286 3370 0
7 76858 13 12 12 4 22 0
8 1403 1 151 151 14 8 0
108 449 3 1368 1368 66 108 0
910 127881 16 9628 9628 634 910 0
10 11460 7 57 57 32 10 0
241 78408 108 1007 1007 141 241 0
536 18776 10 3058 3058 196 536 0
15301 64348 86 57150 57150 2815 15301 0
12 1190 73 7 7 7 12 0
1822 1646657 221 3281 3281 549 1822 0
137 185337 38 1330 1330 209 137 0
399 604876 27 674 674 155 399 0
355 776 6 5222 5222 308 355 0
7149 12400 230 26401 26401 1163 7149 0
743 6144005 92 1923 1923 358 743 0
5606 1397 30 46767 46767 3206 5606 0
1 806 9 7 7 3 1 0
240 11693 13 1213 1213 217 240 0
11233 17545 841 45449 45449 1684 11233 0
147 30812 24 3576 3576 140 147 0
151 186 16 1411 1411 149 151 0
344 5375 148 7147 7147 137 344 0
4116 64551 318 24684 24684 1259 4116 0
521 39745 84 3722 3722 192 521 0
476 62190 178 3477 3477 298 476 0
635 51438 100 1144 1144 216 635 0
63 51524 47 31 31 12 63 0
386 7398 124 13888 13888 341 386 0
1815 339365 9 17961 17961 1661 1815 0
112 435 16 2683 2683 123 112 0
11 473 1 498 498 30 11 0
327 5255 23 8355 8355 250 327 0
1985 142925 1 389 389 121 1985 0
1427 1611 32 14225 14225 826 1427 0
535 507 15 6913 6913 332 535 0
502 235 18 12085 12085 351 502 0
439 823 20 6240 6240 218 439 0
118 271 14 2383 2383 54 118 0
624 35220 397 6444 6444 436 624 0
612 528 1 7424 7424 286 612 0
692 41089 30 242 242 58 692 0
699 32843 252 4829 4829 286 699 0
2439 1567 6 1237 1237 630 2439 0
4880 48763 72 1967 1967 469 4880 0
215 20 2 2525 2525 183 215 0
2731 3126 90 28930 28930 1109 2731 0
1269 2266 12 13307 13307 1150 1269 0
163290 590 400 3601 3601 530 163290 0
402 1463 52 551 551 85 402 0
180 109 3 541 541 231 180 0
419 144238 8 843 843 100 419 0
368 60645 48 3996 3996 97 368 0
620 383 2 7624 7624 434 620 0
949 3628 33 12863 12863 627 949 0
886 531 87 12472 12472 613 886 0
283 745 12 5568 5568 221 283 0
1540 1911 31 562 562 68 1540 0
95 100 9 2404 2404 60 95 0
2693 868 11 20368 20368 1052 2693 0
447 96 5 3352 3352 114 447 0
992 1521 3 8713 8713 529 992 0
5606 1397 30 46767 46767 3206 5606 0
422 243 12 2676 2676 90 422 0
680 411 12 2991 2991 95 680 0
17301 7121 52 70777 70777 5069 17301 0
354 5863 7 5052 5052 139 354 0
144 19670 14 3327 3327 93 144 0
438 252 3 3809 3809 225 438 0
716 4435 34 9639 9639 448 716 0
185 1478 34 301 301 55 185 0
2443 26672 581 7216 7216 642 2443 0
6642 831132 13 1100 1100 543 23031 0
402 6675 5 7508 7508 418 402 0
2945 1216 16 17033 17033 1598 2945 0
649 494 7 7750 7750 616 649 0
410 8015 181 6127 6127 184 410 0
1 444 0 3 3 1 1 0
720 1076 5 6854 6854 511 720 0
5089 202543 122 35255 35255 2394 5089 0
948 759 20 5961 5961 417 948 0
0 148513 0 1 1 2 0 0
2831 8442 50 16429 16429 1150 2831 0
1 166 0 1 1 1 1 0
2042 4571 6 11416 11416 822 2042 0
3 139 0 2 2 2 3 0
1 39251 0 3 3 2 1 0
1597 16787 66 2173 2173 421 1597 0
1010 989 98 9549 9549 416 1010 0
8783 17223 200 27654 27654 1813 8783 0
0 94 0 2 2 3 0 0
834 3327 14 8137 8137 269 834 0
2 544 3 10 10 5 2 0
3551 4823 2 20580 20580 993 3551 0
1470 3367 1 10376 10376 731 1470 0
1075 354 15 1088 1088 169 1075 0
55 218 2 131 131 14 55 0
130 982 11 2754 2754 98 130 0
1574 73760 17 4491 4491 735 1574 0
42 802 24 1370 1370 42 42 0
1026 1536 22 3012 3012 185 1026 0
454 123 12 3145 3145 97 454 0
245 214 27 6611 6611 165 245 0
216 52036 58 2749 2749 108 216 0
684 23587 10 5484 5484 358 684 0
8 14 1 100 100 6 8 0
492 3010 124 4093 4093 116 492 0
528 71548 79 3506 3506 165 528 0
138 99 2 3017 3017 140 138 0
37 4719 14 319 319 65 73 0
2693 868 11 20368 20368 1052 2693 0
992 1521 3 8713 8713 529 992 0
17174 393886 654 37682 37682 3466 17174 0
143 285 20 2550 2550 123 143 0
2124 591 45 16183 16183 1120 2124 0
85 577 16 3232 3232 66 85 0
5695 24191 135 15393 15393 592 5695 0
