all_commits weekend_commits weekday_commits work_hrs_commits non_work_hrs_commits inter_commit_distance_average commits_per_day_average authors_count author_vs_committer active_days repo_name
429.00 0.24 0.76 0.65 0.35 105.48 0.23 43.00 0.00 0.04 fsharp_fsharp
1917.00 0.22 0.78 0.40 0.60 9.78 2.45 318.00 0.00 0.59 babel_babel
62.00 0.58 0.42 0.53 0.47 120.04 0.20 10.00 0.00 0.05 ashleygwilliams_ashleygwilliams
189.00 0.12 0.88 0.26 0.74 144.53 0.17 36.00 0.00 0.10 raft_raft
330.00 0.18 0.82 0.40 0.60 71.78 0.34 2.00 0.00 0.17 wsgzao_wsgzao
15.00 0.53 0.47 0.80 0.20 845.37 0.03 2.00 0.00 0.02 Lane391_lane391
483.00 0.10 0.90 0.26 0.74 22.82 1.05 122.00 0.00 0.22 graphql_graphql
187.00 0.16 0.84 0.47 0.53 164.26 0.15 9.00 0.00 0.04 thomasdavis_thomasdavis
55.00 0.07 0.93 0.84 0.16 165.24 0.15 16.00 0.00 0.09 codeinthedark_codeinthedark
360.00 0.17 0.82 0.57 0.43 12.01 2.00 104.00 0.00 0.54 BesutKode_BesutKode
359.00 0.43 0.57 0.32 0.68 83.66 0.29 29.00 0.00 0.08 pybee_pybee
207.00 0.01 0.99 0.14 0.86 67.29 0.36 24.00 0.00 0.14 OData_odataorg
128.00 0.02 0.98 0.30 0.70 60.72 0.40 27.00 0.00 0.14 oneops_oneops
138.00 0.10 0.90 0.49 0.51 181.06 0.13 32.00 0.00 0.07 IBM_ibm
1027.00 0.28 0.72 0.29 0.71 25.40 0.95 34.00 0.00 0.30 ev3dev_ev3dev
635.00 0.12 0.88 0.81 0.19 44.14 0.54 52.00 0.00 0.19 UKRSE_UKRSE
55.00 0.16 0.84 0.22 0.78 31.22 0.78 24.00 0.00 0.20 unila_unila
161.00 0.14 0.86 0.35 0.65 148.33 0.16 15.00 0.00 0.06 colah_colah
231.00 0.24 0.76 0.76 0.24 87.93 0.27 24.00 0.00 0.08 hammerjs_hammerjs
5240.00 0.18 0.82 0.20 0.80 0.21 114.59 1583.00 0.00 0.35 neveragaindottech_neveragaindottech
754.00 0.24 0.76 0.51 0.49 71.35 0.34 102.00 0.00 0.14 brunch_brunch
48.00 0.46 0.54 0.75 0.25 242.01 0.10 19.00 0.00 0.05 yourfirstpr_yourfirstpr
1444.00 0.21 0.79 0.55 0.45 15.11 1.59 24.00 0.00 0.33 efcl_efcl
8.00 0.62 0.38 1.00 0.00 7.38 3.72 1.00 0.00 0.67 MozLNMIIT_mozlnmiit
1099.00 0.14 0.86 0.21 0.79 11.73 2.05 52.00 0.00 0.43 wafflejs_wafflejs
549.00 0.10 0.90 0.38 0.62 25.68 0.94 22.00 0.00 0.31 dotnet_dotnet
246.00 0.14 0.86 0.63 0.37 64.48 0.37 24.00 0.00 0.14 BrowserSync_browsersync
2442.00 0.17 0.83 0.62 0.38 6.36 3.78 58.00 0.00 0.93 biopython_biopython
23.00 0.39 0.61 0.26 0.74 263.63 0.10 2.00 0.00 0.08 SheetJS_SheetJS
142.00 0.27 0.73 0.59 0.41 161.98 0.15 13.00 0.00 0.08 jtleek_jtleek
23.00 0.09 0.91 0.48 0.52 74.11 0.34 2.00 0.00 0.06 haoel_haoel
1254.00 0.09 0.91 0.45 0.55 15.01 1.60 38.00 0.00 0.31 writethedocs_www
374.00 0.37 0.63 0.24 0.76 21.07 1.14 10.00 0.00 0.15 dougj892_bayes4ie2
178.00 0.11 0.89 0.15 0.85 146.28 0.16 16.00 0.00 0.06 http2_http2
123.00 0.04 0.96 0.67 0.33 124.71 0.19 7.00 0.00 0.09 8bitdash_8bitdash
816.00 0.03 0.97 0.52 0.48 19.82 1.21 82.00 0.00 0.33 grpc_grpc
54.00 0.57 0.43 0.96 0.04 108.26 0.23 2.00 0.00 0.09 golangcookbook_golangcookbook
694.00 0.17 0.83 0.60 0.40 41.03 0.59 66.00 0.00 0.17 codeeu_codeeu
55.00 0.05 0.95 0.71 0.29 30.22 0.81 13.00 0.00 0.34 mdn_data
302.00 0.27 0.73 0.21 0.79 125.96 0.19 32.00 0.00 0.07 ScottyLabs_scottylabs
1312.00 0.18 0.82 0.59 0.41 16.22 1.48 19.00 0.00 0.36 jser_jser
993.00 0.27 0.73 0.24 0.76 26.25 0.92 8.00 0.00 0.14 alexjlockwood_alexjlockwood
97.00 0.27 0.73 0.22 0.78 296.90 0.08 1.00 0.00 0.03 Sofon_atmos
83.00 0.06 0.94 0.40 0.60 2.09 11.63 9.00 0.00 0.75 dirtycow_dirtycow
353.00 0.24 0.76 0.25 0.75 43.50 0.55 28.00 0.00 0.14 user2014_user2014
75.00 0.03 0.97 0.28 0.72 176.06 0.14 9.00 0.00 0.03 webrtc-security_webrtc-security
495.00 0.34 0.66 0.59 0.41 75.98 0.32 45.00 0.00 0.09 overthecs_overthecs
623.00 0.10 0.90 0.53 0.47 44.07 0.55 85.00 0.00 0.20 brooklynjs_brooklynjs
81.00 0.09 0.91 0.33 0.67 66.54 0.37 9.00 0.00 0.11 papyros_papyros
36.00 0.22 0.78 0.25 0.75 3.42 7.22 1.00 0.00 0.60 hankquinlan_hankquinlan
318.00 0.40 0.60 0.41 0.59 46.35 0.52 47.00 0.00 0.19 ircv3_ircv3
201.00 0.07 0.93 0.42 0.58 123.85 0.19 23.00 0.00 0.08 devbeers_devbeers
1.00 0.00 1.00 0.00 1.00 0.00 1.00 1.00 0.00 1.00 jpauli_jpauli
522.00 0.26 0.74 0.15 0.85 86.78 0.28 35.00 0.00 0.12 StanfordACM_stanfordacm
173.00 0.38 0.62 0.44 0.56 23.36 1.03 14.00 0.00 0.35 trailblazer_trailblazer
916.00 0.17 0.83 0.28 0.72 9.68 2.48 120.00 0.00 0.33 c4cs_c4cs
4.00 1.00 0.00 0.00 1.00 0.70 4.00 2.00 0.00 1.00 konmik_konmik
139.00 0.23 0.77 0.20 0.80 112.01 0.22 8.00 0.00 0.10 JSRocksHQ_jsrockshq
407.00 0.24 0.76 0.60 0.40 24.17 1.00 48.00 0.00 0.32 SickRage_sickrage
170.00 0.46 0.54 0.46 0.54 7.10 3.40 1.00 0.00 0.48 cambyses_github
292.00 0.08 0.92 0.53 0.47 57.42 0.42 7.00 0.00 0.13 frozenui_frozenui
612.00 0.10 0.90 0.40 0.60 13.30 1.81 18.00 0.00 0.50 SwiftWeekly_swiftweekly
84.00 0.27 0.73 0.38 0.62 90.34 0.27 2.00 0.00 0.13 w3ctrain_w3ctrain
286.00 0.00 1.00 0.62 0.38 45.24 0.53 9.00 0.00 0.07 Project-Interoperability_project-interoperability
433.00 0.24 0.76 0.54 0.46 50.31 0.48 15.00 0.00 0.14 butterproject_butterproject
178.00 0.25 0.75 0.52 0.48 136.42 0.18 29.00 0.00 0.08 jasperproject_jasperproject
190.00 0.61 0.39 0.20 0.80 107.52 0.22 15.00 0.00 0.04 component_component
257.00 0.27 0.73 0.65 0.35 29.05 0.83 6.00 0.00 0.28 Gaohaoyang_gaohaoyang
2049.00 0.05 0.95 0.29 0.71 12.54 1.91 75.00 0.00 0.44 okta_okta
113.00 0.06 0.94 0.41 0.59 214.54 0.11 20.00 0.00 0.05 Azure_azure
939.00 0.19 0.81 0.18 0.82 22.28 1.08 112.00 0.00 0.25 Hackalist_Hackalist
558.00 0.21 0.79 0.51 0.49 100.46 0.24 3.00 0.00 0.06 sirupsen_sirupsen
359.00 0.20 0.80 0.43 0.57 73.58 0.33 1.00 0.00 0.21 gastonstat_gastonstat
500.00 0.23 0.77 0.29 0.71 55.71 0.43 18.00 0.00 0.08 typeplate_typeplate
32.00 0.00 1.00 0.22 0.78 710.06 0.03 6.00 0.00 0.01 TencentOpen_tencentopen
170.00 0.14 0.86 0.31 0.69 244.40 0.10 9.00 0.00 0.03 processing-js_processing-js
62.00 0.06 0.94 0.15 0.85 41.70 0.58 2.00 0.00 0.11 LiXizhi_lixizhi
707.00 0.42 0.58 0.38 0.62 54.18 0.44 60.00 0.00 0.18 railsgirls-jp_railsgirls-jp
830.00 0.15 0.85 0.61 0.39 30.95 0.78 59.00 0.00 0.24 webcomponents_webcomponents
194.00 0.27 0.73 0.63 0.37 140.52 0.17 3.00 0.00 0.07 chemdemo_chemdemo
118.00 0.11 0.89 0.27 0.73 95.14 0.25 1.00 0.00 0.09 cody1991_cody1991
44.00 0.11 0.89 0.30 0.70 845.53 0.03 5.00 0.00 0.01 jasoncostello_slate
681.00 0.03 0.97 0.80 0.20 9.10 2.64 18.00 0.00 0.43 shoutem_shoutem
552.00 0.25 0.75 0.56 0.44 6.32 3.80 35.00 0.00 0.44 voteamerica_voteamerica
872.00 0.22 0.78 0.45 0.55 22.31 1.08 17.00 0.00 0.13 infoactive_data-design
5269.00 0.32 0.68 0.41 0.59 11.98 2.00 572.00 0.00 0.32 home-assistant_home-assistant
261.00 0.13 0.87 0.53 0.47 72.54 0.33 3.00 0.00 0.11 Lucifier129_Lucifier129
5.00 0.00 1.00 0.00 1.00 0.24 5.00 1.00 0.00 1.00 popcorn-time_popcorn-time
240.00 0.25 0.75 0.49 0.51 55.74 0.43 19.00 0.00 0.15 gss_gss
294.00 0.35 0.65 0.36 0.64 108.93 0.22 2.00 0.00 0.11 suyan_suyan
87.00 0.15 0.85 0.36 0.64 306.25 0.08 22.00 0.00 0.04 limetext_limetext
72.00 0.57 0.43 0.51 0.49 83.13 0.29 1.00 0.00 0.10 minixalpha_minixalpha
540.00 0.25 0.75 0.33 0.67 44.01 0.55 43.00 0.00 0.14 DesignOpen_designopen
404.00 0.26 0.74 0.71 0.29 39.97 0.60 10.00 0.00 0.23 Huxpro_huxpro
56.00 0.14 0.86 0.52 0.48 305.10 0.08 2.00 0.00 0.03 kuitos_kuitos
467.00 0.27 0.73 0.56 0.44 78.88 0.30 22.00 0.00 0.15 railstutorial-china_railstutorial-china
1957.00 0.19 0.81 0.48 0.52 20.41 1.18 292.00 0.00 0.32 yeoman_yeoman
151.00 0.24 0.76 0.62 0.38 39.31 0.61 2.00 0.00 0.32 hollowtree_hollowtree
1361.00 0.21 0.79 0.45 0.55 17.45 1.38 268.00 0.00 0.40 ember-cli_ember-cli
581.00 0.30 0.70 0.48 0.52 52.36 0.46 57.00 0.00 0.19 serverspec_serverspec
88.00 0.24 0.76 0.84 0.16 266.74 0.09 1.00 0.00 0.03 minddust_minddust
50.00 0.20 0.80 0.60 0.40 7.79 3.14 4.00 0.00 0.38 reddit-india_indianelectionmeter
284.00 0.20 0.80 0.47 0.53 71.13 0.34 67.00 0.00 0.15 DataScienceSpecialization_DataScienceSpecialization
143.00 0.06 0.94 0.42 0.58 15.18 1.59 29.00 0.00 0.30 NSS-Cohort-11_NSS-Cohort-11
135.00 0.36 0.64 0.39 0.61 244.62 0.10 4.00 0.00 0.01 beer-oclock_beer-oclock
3215.00 0.09 0.91 0.30 0.70 2.45 9.80 487.00 0.00 0.89 kubernetes_kubernetes
75.00 0.09 0.91 0.37 0.63 562.72 0.04 22.00 0.00 0.02 square_square
958.00 0.13 0.87 0.53 0.47 10.89 2.21 24.00 0.00 0.27 tachyons-css_tachyons-css
473.00 0.22 0.78 0.51 0.49 79.71 0.30 106.00 0.00 0.13 bower_bower
715.00 0.03 0.97 0.62 0.38 11.40 2.11 60.00 0.00 0.33 JLESC_jlesc
109.00 0.02 0.98 0.83 0.17 81.12 0.30 6.00 0.00 0.09 marindijm_data
397.00 0.08 0.92 0.29 0.71 53.63 0.45 33.00 0.00 0.14 jupyter_jupyter
106.00 0.31 0.69 0.72 0.28 271.87 0.09 2.00 0.00 0.03 openfootball_openfootball
99.00 0.15 0.85 0.29 0.71 187.14 0.13 1.00 0.00 0.05 planetoftheweb_planetoftheweb
240.00 0.15 0.85 0.42 0.58 89.19 0.27 5.00 0.00 0.10 iHavee_iHavee
309.00 0.06 0.94 0.49 0.51 126.07 0.19 92.00 0.00 0.09 ot-crew_ot-crew
1229.00 0.28 0.72 0.45 0.55 13.18 1.82 23.00 0.00 0.52 QubesOS_qubesos
100.00 0.21 0.79 0.20 0.80 713.65 0.03 4.00 0.00 0.02 mojombo_mojombo
872.00 0.28 0.72 0.48 0.52 28.59 0.84 34.00 0.00 0.20 git_git
75.00 0.43 0.57 0.29 0.71 130.06 0.19 6.00 0.00 0.08 outlace_outlace
1034.00 0.24 0.76 0.17 0.83 25.55 0.94 51.00 0.00 0.21 sfbrigade_sfbrigade
307.00 0.09 0.91 0.36 0.64 84.06 0.29 46.00 0.00 0.11 droidsec_droidsec
132.00 0.21 0.79 0.02 0.98 29.67 0.82 2.00 0.00 0.13 jdwallace12_pixyllated
361.00 0.26 0.74 0.33 0.67 51.01 0.47 70.00 0.00 0.13 dotnetfringe_dotnetfringe
1248.00 0.25 0.75 0.35 0.65 21.11 1.14 24.00 0.00 0.22 xpmethod_xpmethod
30.00 0.27 0.73 0.43 0.57 203.15 0.12 2.00 0.00 0.05 epibook_epibook
10.00 0.10 0.90 0.10 0.90 236.72 0.11 3.00 0.00 0.04 scotch-io_scotch-io
5.00 0.00 1.00 0.20 0.80 13.87 2.16 1.00 0.00 0.67 aisinvon_aisinvon
344.00 0.28 0.72 0.41 0.59 72.46 0.33 41.00 0.00 0.12 neovim_neovim
4.00 1.00 0.00 0.25 0.75 4536.71 0.01 1.00 0.00 0.01 octocat_octocat
2050.00 0.26 0.74 0.46 0.54 5.87 4.09 2.00 0.00 0.85 handong1587_handong1587
168.00 0.19 0.81 0.61 0.39 206.33 0.12 8.00 0.00 0.06 emmetio_emmet-docs
607.00 0.15 0.85 0.51 0.49 41.74 0.58 48.00 0.00 0.24 ReactiveX_reactivex
382.00 0.04 0.96 0.52 0.48 76.67 0.31 39.00 0.00 0.10 cfpb_cfpb
25.00 0.36 0.64 0.32 0.68 304.82 0.08 6.00 0.00 0.04 pietromenna_jekyll-cayman-theme
427.00 0.44 0.56 0.60 0.40 75.37 0.32 42.00 0.00 0.11 supercollider_supercollider
185.00 0.16 0.84 0.61 0.39 108.66 0.22 36.00 0.00 0.09 lyontechhub_lyontechhub
484.00 0.29 0.71 0.61 0.39 35.91 0.67 5.00 0.00 0.21 TotomInc_totominc
154.00 0.19 0.81 0.27 0.73 139.66 0.17 15.00 0.00 0.07 karpathy_karpathy
303.00 0.41 0.59 0.29 0.71 82.40 0.29 54.00 0.00 0.10 revel_revel
297.00 0.31 0.69 0.35 0.65 87.99 0.27 30.00 0.00 0.07 pwnwiki_pwnwiki
164.00 0.10 0.90 0.60 0.40 49.72 0.49 49.00 0.00 0.25 ruby-conferences_ruby-conferences
1620.00 0.32 0.68 0.44 0.56 17.77 1.35 312.00 0.00 0.35 nodeschool_nodeschool
304.00 0.12 0.88 0.50 0.50 83.70 0.29 32.00 0.00 0.08 torch_torch
1342.00 0.11 0.89 0.35 0.65 9.63 2.49 75.00 0.00 0.55 rancher_rancher
557.00 0.23 0.77 0.72 0.28 49.43 0.49 23.00 0.00 0.16 HangfireIO_HangfireIO
682.00 0.36 0.64 0.33 0.67 25.54 0.94 17.00 0.00 0.28 willianjusten_willianjusten
164.00 0.18 0.82 0.27 0.73 143.37 0.17 18.00 0.00 0.03 flukeout_flukeout
14.00 0.64 0.36 0.64 0.36 657.39 0.04 4.00 0.00 0.02 peterroelants_peterroelants
44.00 0.00 1.00 0.75 0.25 146.69 0.17 5.00 0.00 0.07 Ableton_ableton
363.00 0.20 0.80 0.50 0.50 79.89 0.30 39.00 0.00 0.09 docstrap_docstrap
52.00 0.27 0.73 0.48 0.52 49.92 0.49 1.00 0.00 0.21 andrewyuan_andrewyuan
532.00 0.27 0.73 0.42 0.58 54.79 0.44 4.00 0.00 0.08 jglovier_jglovier
285.00 0.40 0.60 0.60 0.40 207.63 0.12 76.00 0.00 0.06 Homebrew_homebrew
234.00 0.26 0.74 0.22 0.78 102.77 0.23 33.00 0.00 0.09 TestAnything_testanything
120.00 0.05 0.95 0.19 0.81 130.84 0.18 11.00 0.00 0.05 Nike-Inc_nike-inc
89.00 0.13 0.87 0.31 0.69 248.40 0.10 12.00 0.00 0.04 Yelp_yelp
49.00 0.45 0.55 0.16 0.84 367.49 0.07 7.00 0.00 0.03 defaultnamehere_defaultnamehere
822.00 0.11 0.89 0.49 0.51 14.93 1.61 49.00 0.00 0.36 OBOFoundry_OBOFoundry
174.00 0.28 0.72 0.28 0.72 2.73 8.83 18.00 0.00 0.90 TrumpTracker_trumptracker
744.00 0.29 0.71 0.31 0.69 17.41 1.38 8.00 0.00 0.34 Trimps_Trimps
110.00 0.22 0.78 0.34 0.66 87.36 0.28 15.00 0.00 0.10 flarum_flarum
1234.00 0.08 0.92 0.25 0.75 26.16 0.92 79.00 0.00 0.28 druid-io_druid-io
87.00 0.47 0.53 0.79 0.21 3.15 7.72 1.00 0.00 0.50 Zhu8_zhu8
216.00 0.05 0.95 0.72 0.28 81.13 0.30 28.00 0.00 0.15 vert-x_vert-x
108.00 0.33 0.67 0.62 0.38 117.97 0.21 3.00 0.00 0.06 gitblog-io_gitblog-io
871.00 0.25 0.75 0.40 0.60 36.76 0.65 3.00 0.00 0.11 ChrisCummins_chriscummins
344.00 0.07 0.93 0.75 0.25 89.84 0.27 4.00 0.00 0.05 jmcglone_jmcglone
192.00 0.28 0.72 0.69 0.31 16.85 1.43 2.00 0.00 0.75 wdxtub_wdxtub
89.00 0.03 0.97 0.16 0.84 228.13 0.11 10.00 0.00 0.02 WindowsAzure_windowsazure
136.00 0.25 0.75 0.16 0.84 92.96 0.26 4.00 0.00 0.05 tower_tower
289.00 0.56 0.44 0.48 0.52 23.43 1.03 5.00 0.00 0.06 deadlockempire_deadlockempire
955.00 0.21 0.79 0.44 0.56 38.84 0.62 43.00 0.00 0.14 fontforge_fontforge
808.00 0.35 0.65 0.34 0.66 25.00 0.96 69.00 0.00 0.24 maptime_maptime
118.00 0.31 0.69 0.35 0.65 161.18 0.15 10.00 0.00 0.06 stribika_stribika
20.00 0.65 0.35 0.40 0.60 439.59 0.06 8.00 0.00 0.03 HTBox_htbox
567.00 0.11 0.89 0.46 0.54 42.50 0.57 84.00 0.00 0.16 jsonwebtoken_jsonwebtoken
15.00 0.00 1.00 0.00 1.00 286.56 0.09 1.00 0.00 0.02 sqq5682_sqq5682
489.00 0.11 0.89 0.69 0.31 23.94 1.00 45.00 0.00 0.26 skybet_skybet
451.00 0.33 0.67 0.59 0.41 19.34 1.24 30.00 0.00 0.26 HackInTheNorth_hackinthenorth
273.00 0.28 0.72 0.25 0.75 134.87 0.18 19.00 0.00 0.07 nightscout_nightscout
54.00 0.00 1.00 0.00 1.00 341.48 0.07 15.00 0.00 0.03 googlemaps_googlemaps
46.00 0.09 0.91 0.48 0.52 185.59 0.13 1.00 0.00 0.07 react-component_react-component
397.00 0.18 0.82 0.57 0.43 66.66 0.36 15.00 0.00 0.10 noflo_noflo
3346.00 0.02 0.98 0.88 0.12 5.52 4.35 105.00 0.00 0.51 digiscot_digiscot
66.00 0.44 0.56 0.33 0.67 92.77 0.26 4.00 0.00 0.08 grubernaut_grubernaut
538.00 0.08 0.92 0.25 0.75 18.36 1.31 64.00 0.00 0.38 ampproject_docs
1567.00 0.20 0.80 0.61 0.39 17.24 1.39 119.00 0.00 0.44 jhipster_jhipster
80.00 0.24 0.76 0.57 0.42 237.47 0.10 3.00 0.00 0.04 chrisliuqq_chrisliuqq
1712.00 0.28 0.72 0.22 0.78 9.62 2.50 2.00 0.00 0.33 daattali_daattali
204.00 0.16 0.84 0.61 0.39 103.42 0.23 4.00 0.00 0.08 lay1010_lay1010
684.00 0.18 0.82 0.18 0.82 3.94 6.10 52.00 0.00 0.55 electrode-io_electrode-io
219.00 0.17 0.83 0.21 0.79 64.21 0.38 23.00 0.00 0.11 dmlc_dmlc
27.00 0.15 0.85 0.85 0.15 140.05 0.18 1.00 0.00 0.10 lvming6816077_H5FullscreenPage
6.00 0.17 0.83 0.83 0.17 20.91 1.38 1.00 0.00 0.40 aln787_revealGhPages
66.00 0.35 0.65 0.32 0.68 57.08 0.43 4.00 0.00 0.10 repo-utils_badgeboard
69.00 0.22 0.78 0.36 0.64 53.48 0.46 16.00 0.00 0.16 henkaku_henkaku
375.00 0.28 0.72 0.64 0.36 71.88 0.33 3.00 0.00 0.16 nolboo_nolboo
384.00 0.18 0.82 0.46 0.54 30.88 0.78 1.00 0.00 0.20 Azeril_azeril
490.00 0.00 1.00 0.44 0.56 15.41 1.56 19.00 0.00 0.27 LMHT_LMHT
407.00 0.26 0.74 0.54 0.46 58.42 0.41 2.00 0.00 0.24 hexojs_hexojs
16.00 0.06 0.94 0.44 0.56 716.18 0.04 1.00 0.00 0.02 liufan321_liufan321
361.00 0.32 0.68 0.48 0.52 55.43 0.43 8.00 0.00 0.11 joshualande_joshualande
57.00 0.56 0.44 0.63 0.37 343.06 0.07 7.00 0.00 0.02 domeide_domeide
184.00 0.28 0.72 0.45 0.55 132.70 0.18 42.00 0.00 0.07 hadoopecosystemtable_hadoopecosystemtable
496.00 0.32 0.68 0.48 0.52 27.67 0.87 72.00 0.00 0.27 riot_riot
142.00 0.47 0.53 0.34 0.66 113.80 0.21 18.00 0.00 0.06 laraveltherightway_laraveltherightway
1183.00 0.17 0.83 0.31 0.69 23.78 1.01 12.00 0.00 0.25 dssg_dssg
88.00 0.30 0.70 0.39 0.61 150.65 0.16 4.00 0.00 0.04 flynngao_flynngao
485.00 0.14 0.86 0.63 0.37 24.95 0.96 41.00 0.00 0.28 artsy_artsy
655.00 0.01 0.99 0.90 0.10 34.72 0.69 6.00 0.00 0.20 ixdbelfast_ixdbelfast
269.00 0.17 0.83 0.64 0.36 111.16 0.22 51.00 0.00 0.09 thephpleague_thephpleague
456.00 0.05 0.95 0.43 0.57 80.98 0.30 13.00 0.00 0.11 DragonBones_dragonbones
89.00 0.16 0.84 0.29 0.71 249.49 0.10 17.00 0.00 0.04 DefinitelyTyped_definitelytyped
155.00 0.24 0.76 0.67 0.33 78.65 0.31 43.00 0.00 0.08 scalaspace_scalaspace
320.00 0.20 0.80 0.62 0.38 37.62 0.64 9.00 0.00 0.31 madewithangular_madewithangular
363.00 0.26 0.74 0.32 0.68 67.15 0.36 44.00 0.00 0.07 chadev_chadev
3.00 0.33 0.67 0.67 0.33 117.73 0.31 1.00 0.00 0.20 zippera_zippera
74.00 0.39 0.61 0.24 0.76 236.07 0.10 3.00 0.00 0.05 callumprentice_callumprentice
150.00 0.41 0.59 0.63 0.37 85.26 0.28 11.00 0.00 0.10 sparktutorials_sparktutorials
273.00 0.26 0.74 0.59 0.41 59.46 0.41 17.00 0.00 0.08 opencart_opencart
1648.00 0.25 0.75 0.49 0.51 20.58 1.17 64.00 0.00 0.27 toddmotto_toddmotto
816.00 0.22 0.78 0.68 0.32 15.37 1.56 27.00 0.00 0.18 skgtech_skgtech
797.00 0.37 0.63 0.35 0.65 35.17 0.68 9.00 0.00 0.14 davidensinger_davidensinger
101.00 0.08 0.92 0.55 0.45 61.20 0.40 2.00 0.00 0.04 agusmakmun_agusmakmun
147.00 0.20 0.80 0.30 0.70 27.54 0.88 10.00 0.00 0.39 ethereumclassic_ethereumclassic
21.00 0.00 1.00 0.62 0.38 698.39 0.04 7.00 0.00 0.02 Ticketmaster_ticketmaster
387.00 0.13 0.87 0.31 0.69 30.46 0.79 21.00 0.00 0.26 Slimmmo_Slimmmo
384.00 0.10 0.90 0.26 0.74 55.82 0.43 8.00 0.00 0.10 tianocore_tianocore
749.00 0.21 0.79 0.66 0.34 35.07 0.69 111.00 0.00 0.22 hanami_hanami
260.00 0.22 0.78 0.59 0.41 50.69 0.48 41.00 0.00 0.18 cyclejs_cyclejs
863.00 0.31 0.69 0.36 0.64 53.32 0.45 108.00 0.00 0.13 octopress_docs
158.00 0.29 0.71 0.39 0.61 8.27 2.92 3.00 0.00 0.18 fontfamous_fontfamous
693.00 0.28 0.72 0.46 0.54 37.21 0.65 88.00 0.00 0.26 eslint_eslint
197.00 0.11 0.89 0.31 0.69 147.15 0.16 43.00 0.00 0.09 jasmine_jasmine
191.00 0.13 0.87 0.31 0.69 93.68 0.26 39.00 0.00 0.07 Microsoft_microsoft
158.00 0.33 0.67 0.41 0.59 28.27 0.85 35.00 0.00 0.14 WebGLInsights_WebGLInsights
102.00 0.43 0.57 0.25 0.75 237.09 0.10 6.00 0.00 0.03 msys2_msys2
244.00 0.23 0.77 0.26 0.74 80.89 0.30 19.00 0.00 0.08 todogroup_todogroup
417.00 0.12 0.88 0.47 0.53 52.08 0.46 12.00 0.00 0.12 green-button_green-button
170.00 0.19 0.81 0.21 0.79 341.67 0.07 2.00 0.00 0.02 atmos_atmos
27.00 0.00 1.00 0.59 0.41 147.61 0.17 1.00 0.00 0.03 robhinds_robhinds
