all_commits weekend_commits weekday_commits work_hrs_commits non_work_hrs_commits inter_commit_distance_average commits_per_day_average authors_count author_vs_committer active_days repo_name
175.00 0.17 0.83 0.63 0.37 49.71 0.49 26.00 0.00 0.16 laravel-doctrine_docs
726.00 0.21 0.79 0.50 0.50 35.83 0.67 54.00 0.00 0.27 bezumkin_Docs
238.00 0.08 0.92 0.76 0.24 107.03 0.23 21.00 0.00 0.13 spring-projects_spring-data-examples
133.00 0.05 0.95 0.85 0.15 95.24 0.25 12.00 0.00 0.09 backbee_docs
309.00 0.08 0.92 0.77 0.23 65.35 0.37 7.00 0.00 0.10 isotope_docs
136.00 0.10 0.90 0.62 0.38 7.60 3.18 15.00 0.00 0.47 devfreebooks_devfreebooks
410.00 0.07 0.93 0.56 0.44 18.44 1.31 33.00 0.00 0.41 statamic_docs
182.00 0.04 0.96 0.80 0.20 92.39 0.26 34.00 0.00 0.10 uphold_docs
5369.00 0.03 0.97 0.39 0.61 3.47 6.91 135.00 0.00 0.75 pantheon-systems_documentation
200.00 0.17 0.82 0.37 0.63 76.88 0.31 5.00 0.00 0.06 domino-team_docs
173.00 0.27 0.73 0.36 0.64 83.51 0.29 8.00 0.00 0.08 ssbc_docs
538.00 0.05 0.95 0.80 0.20 82.46 0.29 25.00 0.00 0.14 scala-ide_docs
603.00 0.17 0.83 0.28 0.72 50.71 0.47 16.00 0.00 0.08 eucalyptus_architecture
2243.00 0.37 0.63 0.53 0.47 16.43 1.46 150.00 0.00 0.32 unbit_uwsgi-docs
118.00 0.22 0.78 0.62 0.38 99.09 0.24 9.00 0.00 0.07 videojs_docs
66.00 0.30 0.70 0.65 0.35 367.82 0.07 1.00 0.00 0.05 drunkard_ceph-readable-doc
249.00 0.00 1.00 0.97 0.03 97.66 0.25 10.00 0.00 0.05 UDOOboard_Docs
2326.00 0.27 0.73 0.58 0.42 22.56 1.06 198.00 0.00 0.35 fuel_docs
167.00 0.05 0.95 0.81 0.19 32.36 0.75 3.00 0.00 0.13 unifiedremote_Docs
82.00 0.50 0.50 0.28 0.72 28.94 0.84 6.00 0.00 0.26 FXDocs_docs
21.00 0.00 1.00 0.43 0.57 81.68 0.31 8.00 0.00 0.16 Kinect_Docs
40.00 0.17 0.82 0.53 0.47 111.02 0.22 1.00 0.00 0.09 mpusher_docs
100.00 0.05 0.95 0.85 0.15 148.36 0.16 12.00 0.00 0.05 newsnerdery_docs
274.00 0.09 0.91 0.83 0.17 83.13 0.29 11.00 0.00 0.07 moltin_docs
117.00 0.21 0.79 0.44 0.56 251.26 0.10 15.00 0.00 0.04 croogo_docs
213.00 0.19 0.81 0.41 0.59 203.18 0.12 8.00 0.00 0.03 es5_es5
281.00 0.10 0.90 0.73 0.27 34.21 0.70 21.00 0.00 0.27 conan-io_docs
747.00 0.03 0.97 0.86 0.14 29.01 0.83 38.00 0.00 0.20 Qabel_qabel
1795.00 0.10 0.90 0.31 0.69 16.80 1.43 230.00 0.00 0.47 coreos_docs
801.00 0.30 0.70 0.27 0.73 32.34 0.74 62.00 0.00 0.34 octobercms_docs
112.00 0.04 0.96 0.24 0.76 189.78 0.13 6.00 0.00 0.08 slackhq_slack-api-docs
38.00 0.34 0.66 0.63 0.37 5.73 4.30 4.00 0.00 0.78 liubin_docs
1026.00 0.32 0.68 0.65 0.35 31.57 0.76 18.00 0.00 0.22 dita-ot_docs
40.00 0.17 0.82 0.42 0.57 296.81 0.08 13.00 0.00 0.05 oxyplot_docs
451.00 0.11 0.89 0.25 0.75 90.73 0.27 42.00 0.00 0.06 nodejitsu_docs
2717.00 0.14 0.86 0.62 0.38 28.50 0.84 67.00 0.00 0.25 mapserver_docs
155.00 0.17 0.83 0.38 0.62 62.19 0.39 2.00 0.00 0.10 xindong_docs
321.00 0.02 0.98 0.24 0.76 43.88 0.55 12.00 0.00 0.23 project-geode_docs
806.00 0.03 0.97 0.54 0.46 14.60 1.65 50.00 0.00 0.42 RackHD_docs
85.00 0.53 0.47 0.32 0.68 65.43 0.37 16.00 0.00 0.14 DiscordAPI_docs
129.00 0.07 0.93 0.29 0.71 161.69 0.15 41.00 0.00 0.07 Khan_style-guides
696.00 0.26 0.74 0.37 0.63 33.84 0.71 73.00 0.00 0.32 gogits_docs
2105.00 0.13 0.87 0.29 0.71 20.28 1.18 78.00 0.00 0.28 iron-io_docs
101.00 0.32 0.68 0.37 0.63 191.28 0.13 8.00 0.00 0.08 go-macaron_docs
37.00 0.00 1.00 0.43 0.57 567.90 0.04 12.00 0.00 0.02 open-power_docs
1491.00 0.01 0.99 0.38 0.62 19.71 1.22 44.00 0.00 0.30 exosite_docs
3004.00 0.15 0.85 0.35 0.65 3.20 7.49 65.00 0.00 0.76 mattermost_docs
293.00 0.16 0.84 0.33 0.67 56.67 0.42 15.00 0.00 0.22 OxideMod_Docs
272.00 0.45 0.55 0.43 0.57 33.16 0.73 53.00 0.00 0.22 intermezzOS_book
888.00 0.17 0.83 0.56 0.44 34.22 0.70 87.00 0.00 0.17 cfgmgmtcamp_cfgmgmtcamp
1121.00 0.02 0.98 0.91 0.09 27.27 0.88 13.00 0.00 0.33 webix-hub_docs
153.00 0.05 0.95 0.35 0.65 82.76 0.29 18.00 0.00 0.14 vinli_docs
340.00 0.14 0.86 0.53 0.47 40.69 0.59 27.00 0.00 0.21 EasyWeChat_docs
569.00 0.06 0.94 0.28 0.72 33.38 0.72 40.00 0.00 0.27 upyun_docs
136.00 0.19 0.81 0.52 0.48 254.87 0.09 24.00 0.00 0.04 webpack_docs
604.00 0.02 0.98 0.49 0.51 36.54 0.66 26.00 0.00 0.18 INN_docs
1324.00 0.44 0.56 0.24 0.76 34.78 0.69 188.00 0.00 0.27 railsbridge_docs
24.00 0.00 1.00 0.00 1.00 29.01 0.86 2.00 0.00 0.21 fudanchii_docs
12823.00 0.24 0.76 0.45 0.55 4.06 5.91 748.00 0.00 0.84 cakephp_docs
4698.00 0.30 0.70 0.37 0.63 10.72 2.24 215.00 0.00 0.50 hyperboria_docs
319.00 0.05 0.95 0.24 0.76 35.32 0.68 28.00 0.00 0.23 DataTorrent_docs
1079.00 0.15 0.85 0.62 0.38 17.42 1.38 108.00 0.00 0.47 prometheus_docs
10793.00 0.04 0.96 0.45 0.55 4.26 5.64 409.00 0.00 0.74 mongodb_docs
522.00 0.47 0.53 0.76 0.24 32.00 0.75 9.00 0.00 0.21 donnemartin_data-science-ipython-notebooks
357.00 0.18 0.82 0.42 0.58 32.74 0.73 28.00 0.00 0.20 roots_docs
90.00 0.68 0.32 0.31 0.69 4.40 5.51 7.00 0.00 0.71 davehorton_docs
650.00 0.09 0.91 0.30 0.70 31.72 0.76 104.00 0.00 0.22 npm_docs
175.00 0.29 0.71 0.57 0.43 167.00 0.14 26.00 0.00 0.06 rocketeers_docs
54.00 0.09 0.91 0.37 0.63 618.02 0.04 6.00 0.00 0.02 sproutcore_docs
808.00 0.17 0.83 0.39 0.61 19.65 1.22 45.00 0.00 0.33 documentationjs_documentation
5497.00 0.27 0.73 0.52 0.48 7.29 3.29 195.00 0.00 0.49 perl6_doc
3215.00 0.12 0.88 0.34 0.66 8.78 2.73 166.00 0.00 0.54 spark_docs
518.00 0.24 0.76 0.52 0.48 27.20 0.88 99.00 0.00 0.34 syncthing_docs
367.00 0.19 0.81 0.51 0.49 67.88 0.35 18.00 0.00 0.12 forge_docs
117.00 0.27 0.73 0.68 0.32 91.97 0.26 1.00 0.00 0.11 openchain_docs
455.00 0.16 0.84 0.26 0.74 16.97 1.42 37.00 0.00 0.39 urbit_docs
15639.00 0.17 0.83 0.54 0.46 4.81 4.99 237.00 0.00 0.43 dojo_docs
1581.00 0.20 0.80 0.65 0.35 25.74 0.93 50.00 0.00 0.23 contao_docs
131.00 0.24 0.76 0.62 0.38 37.31 0.65 11.00 0.00 0.16 red_docs
359.00 0.02 0.98 0.40 0.60 8.97 2.68 28.00 0.00 0.46 fastlane_docs
144.00 0.01 0.99 0.35 0.65 30.57 0.79 6.00 0.00 0.14 Microsoft_Docs
1108.00 0.02 0.98 0.79 0.21 15.80 1.52 46.00 0.00 0.34 wercker_docs
200.00 0.08 0.92 0.39 0.61 181.98 0.13 19.00 0.00 0.03 deployd_docs
196.00 0.11 0.89 0.63 0.37 90.79 0.27 20.00 0.00 0.09 siteorigin_docs
3102.00 0.07 0.93 0.55 0.45 2.66 9.02 30.00 0.00 0.86 elastic_docs
193.00 0.24 0.76 0.86 0.14 26.02 0.93 8.00 0.00 0.07 ethereum_guide
415.00 0.01 0.99 0.86 0.14 55.94 0.43 36.00 0.00 0.12 pagekit_docs
95.00 0.20 0.80 0.41 0.59 138.84 0.17 12.00 0.00 0.08 RuneAudio_Docs
144.00 0.16 0.84 0.27 0.73 84.81 0.28 5.00 0.00 0.06 pingpong-labs_docs
37.00 0.27 0.73 0.30 0.70 10.97 2.25 7.00 0.00 0.53 ChrisWren_docs
131.00 0.41 0.59 0.40 0.60 300.55 0.08 4.00 0.00 0.05 phpseclib_docs
182.00 0.34 0.66 0.69 0.31 113.35 0.21 33.00 0.00 0.07 Behat_docs
114.00 0.16 0.84 0.32 0.68 33.81 0.72 12.00 0.00 0.31 pingcap_docs
247.00 0.26 0.74 0.17 0.83 17.55 1.37 7.00 0.00 0.33 rgarcia_dochub
74.00 0.23 0.77 0.42 0.58 202.04 0.12 19.00 0.00 0.06 LaravelCollective_docs
19.00 0.42 0.58 0.37 0.63 1243.72 0.02 1.00 0.00 0.02 delongw_beautifulsoup
91.00 0.20 0.80 0.68 0.32 249.89 0.10 21.00 0.00 0.05 gitterHQ_docs
7117.00 0.08 0.92 0.41 0.59 8.88 2.70 264.00 0.00 0.39 sendgrid_docs
1276.00 0.06 0.94 0.29 0.71 19.91 1.21 113.00 0.00 0.37 cloudfoundry_docs-bosh
1531.00 0.06 0.94 0.33 0.67 7.39 3.25 94.00 0.00 0.54 influxdata_docs
332.00 0.18 0.82 0.31 0.69 48.40 0.50 143.00 0.00 0.12 paceuniversity_courses
1367.00 0.04 0.96 0.83 0.17 16.18 1.48 51.00 0.00 0.30 resin-io_docs
628.00 0.08 0.92 0.34 0.66 22.55 1.07 113.00 0.00 0.31 ParsePlatform_docs
661.00 0.00 1.00 0.82 0.18 3.53 6.82 32.00 0.00 0.64 mendix_docs
44150.00 0.10 0.90 0.36 0.64 0.78 30.66 2585.00 0.00 0.98 docker_docker
537.00 0.08 0.92 0.80 0.20 41.77 0.58 37.00 0.00 0.20 satoshilabs_docs
615.00 0.04 0.96 0.85 0.15 31.59 0.76 32.00 0.00 0.11 Sitecore-Community_docs
2238.00 0.12 0.88 0.63 0.37 24.49 0.98 60.00 0.00 0.25 ravendb_docs
3178.00 0.22 0.78 0.52 0.48 12.26 1.96 230.00 0.00 0.51 phalcon_docs
405.00 0.23 0.77 0.24 0.76 23.69 1.02 50.00 0.00 0.31 voltrb_docs
1539.00 0.05 0.95 0.41 0.59 6.02 3.99 35.00 0.00 0.69 cockroachdb_docs
621.00 0.34 0.66 0.35 0.65 56.48 0.43 24.00 0.00 0.18 hexchat_documentation
15647.00 0.30 0.70 0.57 0.43 3.84 6.25 1405.00 0.00 0.82 symfony_symfony-docs
300.00 0.21 0.79 0.26 0.74 32.36 0.74 9.00 0.00 0.14 dthree_wat
920.00 0.28 0.72 0.61 0.39 20.72 1.16 15.00 0.00 0.32 debops_docs
11.00 0.27 0.73 0.55 0.45 719.36 0.04 2.00 0.00 0.03 nunit_docs
8093.00 0.06 0.94 0.54 0.46 4.44 5.41 300.00 0.00 0.66 auth0_docs
545.00 0.09 0.91 0.43 0.57 32.67 0.74 34.00 0.00 0.28 gantry_docs
34.00 0.12 0.88 0.50 0.50 1070.69 0.02 3.00 0.00 0.01 rsajob_docs
151.00 0.19 0.81 0.58 0.42 120.79 0.20 43.00 0.00 0.08 deployphp_docs
1759.00 0.10 0.90 0.23 0.77 24.47 0.98 146.00 0.00 0.37 meteor_docs
1659.00 0.03 0.97 0.88 0.12 15.95 1.51 48.00 0.00 0.40 OpenNebula_docs
5499.00 0.28 0.72 0.47 0.53 5.62 4.27 1106.00 0.00 0.69 adambard_learnxinyminutes-docs
4225.00 0.08 0.92 0.36 0.64 5.04 4.76 193.00 0.00 0.73 docker-library_docs
500.00 0.17 0.83 0.32 0.68 52.50 0.46 77.00 0.00 0.19 Stamplay_docs
57.00 0.07 0.93 0.40 0.60 207.60 0.12 6.00 0.00 0.04 cloudtrax_docs
742.00 0.01 0.99 0.89 0.11 56.20 0.43 44.00 0.00 0.11 yootheme_docs
885.00 0.10 0.90 0.34 0.66 9.48 2.53 56.00 0.00 0.56 StackStorm_st2docs
2951.00 0.03 0.97 0.70 0.30 10.58 2.27 112.00 0.00 0.51 juju_docs
9602.00 0.13 0.87 0.61 0.39 2.49 9.66 92.00 0.00 0.62 UniversalDependencies_docs
133.00 0.20 0.80 0.74 0.26 167.49 0.14 7.00 0.00 0.08 jsreport_docs
2370.00 0.10 0.90 0.38 0.62 7.55 3.18 368.00 0.00 0.65 aspnet_Docs
5447.00 0.16 0.84 0.50 0.50 6.38 3.76 906.00 0.00 0.66 laravel_docs
1134.00 0.40 0.60 0.25 0.75 38.13 0.63 135.00 0.00 0.23 railsbridge-boston_docs
179.00 0.20 0.80 0.53 0.47 49.83 0.48 24.00 0.00 0.28 avajs_ava-docs
5682.00 0.02 0.98 0.49 0.51 3.60 6.68 183.00 0.00 0.65 CenturyLinkCloud_PublicKB
152.00 0.14 0.86 0.49 0.51 193.50 0.12 15.00 0.00 0.07 autopkg_arubdesu-recipes
163.00 0.14 0.86 0.24 0.76 92.42 0.26 30.00 0.00 0.10 MinecraftForge_Documentation
1888.00 0.34 0.66 0.30 0.70 31.46 0.76 130.00 0.00 0.23 ensime_ensime
435.00 0.11 0.89 0.35 0.65 50.70 0.47 35.00 0.00 0.19 smart-on-fhir_smart-on-fhir
23.00 0.00 1.00 1.00 0.00 565.11 0.04 3.00 0.00 0.04 Parrot-Developers_Docs
270.00 0.27 0.73 0.63 0.37 34.35 0.70 32.00 0.00 0.25 adonisjs_docs
83.00 0.06 0.94 0.23 0.77 124.38 0.20 17.00 0.00 0.12 openbmc_docs
4680.00 0.05 0.95 0.54 0.46 4.57 5.26 229.00 0.00 0.76 linode_docs
107.00 0.00 1.00 0.63 0.37 48.35 0.50 2.00 0.00 0.04 pholcus_docs
2629.00 0.07 0.93 0.55 0.45 9.02 2.66 254.00 0.00 0.38 opendaylight_docs
94.00 0.24 0.76 0.17 0.83 98.98 0.25 13.00 0.00 0.11 nodejs_docs
1115.00 0.07 0.93 0.66 0.34 32.12 0.75 24.00 0.00 0.23 stardog-union_stardog-docs
48.00 0.42 0.58 0.31 0.69 434.39 0.06 6.00 0.00 0.03 gpmgo_docs
22.00 0.14 0.86 0.27 0.73 316.25 0.08 2.00 0.00 0.05 alibaba_RocketMQ-docs
753.00 0.09 0.91 0.29 0.71 28.17 0.85 55.00 0.00 0.28 stellar_docs
20.00 0.05 0.95 0.20 0.80 605.61 0.04 4.00 0.00 0.03 jmpressjs_docs
95.00 0.05 0.95 0.45 0.55 320.87 0.08 8.00 0.00 0.03 Giphy_GiphyAPI
188.00 0.38 0.62 0.42 0.58 90.31 0.27 26.00 0.00 0.15 ramda_ramda
1402.00 0.13 0.87 0.51 0.49 24.01 1.00 36.00 0.00 0.32 rockettheme_docs
1442.00 0.07 0.93 0.66 0.34 33.66 0.71 132.00 0.00 0.23 wildfly_quickstart
305.00 0.32 0.68 0.31 0.69 78.65 0.31 10.00 0.00 0.07 webmagic-io_docs
40.00 0.20 0.80 0.28 0.72 255.26 0.10 5.00 0.00 0.03 peachdocs_docs
65.00 0.14 0.86 0.52 0.48 11.82 2.06 2.00 0.00 0.41 mb2o_docs
1.00 0.00 1.00 1.00 0.00 0.00 1.00 1.00 0.00 1.00 elixir-lang_docs
121.00 0.25 0.75 0.31 0.69 73.42 0.33 14.00 0.00 0.17 datproject_docs
3120.00 0.20 0.80 0.57 0.43 7.15 3.36 45.00 0.00 0.53 GluuFederation_docs
4311.00 0.02 0.98 0.56 0.44 2.92 8.22 129.00 0.00 0.63 IBM-Bluemix_docs
66.00 0.41 0.59 0.35 0.65 167.88 0.15 9.00 0.00 0.10 lisposter_gulp-docs-zh-cn
215.00 0.03 0.97 0.36 0.64 22.61 1.07 8.00 0.00 0.27 sendcloud2013_sendcloud_docs
2279.00 0.07 0.93 0.24 0.76 11.75 2.04 111.00 0.00 0.54 rethinkdb_docs
34.00 0.06 0.94 0.35 0.65 318.29 0.08 2.00 0.00 0.02 freedocs_docs
62.00 0.06 0.94 0.26 0.74 27.70 0.88 12.00 0.00 0.21 SkylinesModding_Docs
1085.00 0.21 0.79 0.71 0.29 13.79 1.74 21.00 0.00 0.20 pagelines_Docs
118.00 0.43 0.57 0.47 0.53 75.07 0.32 11.00 0.00 0.10 makerdao_docs
261.00 0.09 0.91 0.13 0.87 57.99 0.42 84.00 0.00 0.06 hshackers_docs
1833.00 0.29 0.71 0.73 0.27 21.00 1.14 88.00 0.00 0.31 bolt_docs
131.00 0.18 0.82 0.53 0.47 318.79 0.08 29.00 0.00 0.04 minkphp_docs
300.00 0.10 0.90 0.63 0.37 59.67 0.40 54.00 0.00 0.17 api-platform_docs
296.00 0.03 0.97 0.78 0.22 10.45 2.30 11.00 0.00 0.55 TheThingsNetwork_docs
277.00 0.09 0.91 0.08 0.92 38.14 0.63 28.00 0.00 0.26 buildkite_docs
6.00 0.00 1.00 0.17 0.83 95.64 0.30 3.00 0.00 0.10 igorman_data-engineering
414.00 0.18 0.82 0.52 0.48 75.88 0.32 45.00 0.00 0.05 SeleniumHQ_docs
1815.00 0.23 0.77 0.15 0.85 7.94 3.02 163.00 0.00 0.45 openaps_docs
1534.00 0.10 0.90 0.26 0.74 20.28 1.18 30.00 0.00 0.34 ouya_docs
91.00 0.16 0.84 0.31 0.69 53.40 0.45 5.00 0.00 0.21 mint-ui_docs
12.00 0.75 0.25 0.67 0.33 3870.31 0.01 3.00 0.00 0.00 hyde_docs
2760.00 0.06 0.94 0.40 0.60 23.70 1.01 198.00 0.00 0.32 apache_cordova-docs
407.00 0.06 0.94 0.08 0.92 8.75 2.75 16.00 0.00 0.46 witheve_docs
136.00 0.34 0.66 0.78 0.22 78.72 0.31 17.00 0.00 0.08 monzo_docs
815.00 0.06 0.94 0.24 0.76 12.11 1.98 57.00 0.00 0.39 Polymer_docs
1380.00 0.06 0.94 0.32 0.68 16.19 1.48 40.00 0.00 0.43 googledatalab_datalab
1233.00 0.06 0.94 0.74 0.26 17.54 1.37 106.00 0.00 0.41 NativeScript_docs
137.00 0.21 0.79 0.85 0.15 151.43 0.16 11.00 0.00 0.10 Intervention_docs
1297.00 0.07 0.93 0.34 0.66 8.29 2.90 136.00 0.00 0.60 cloudfoundry-attic_cf-docs
957.00 0.32 0.68 0.18 0.82 32.67 0.74 22.00 0.00 0.10 lfe_docs
526.00 0.05 0.95 0.33 0.67 95.83 0.25 41.00 0.00 0.12 mozilla-services_docs
1567.00 0.09 0.91 0.35 0.65 9.09 2.64 170.00 0.00 0.53 dotnet_docs
389.00 0.21 0.79 0.48 0.52 30.73 0.78 16.00 0.00 0.20 project-fifo_docs
1633.00 0.05 0.95 0.87 0.13 9.14 2.63 35.00 0.00 0.45 biicode_docs
83.00 0.05 0.95 0.75 0.25 41.02 0.59 2.00 0.00 0.14 ianozsvald_data_science_delivered
